1 0.433300 0.051302 0.070158 0.101562
0 0.732213 0.224740 0.071805 0.119271
0 0.605072 0.280208 0.065217 0.108333
0 0.581851 0.470313 0.056983 0.094792
1 0.650692 0.066146 0.020092 0.033333
2 0.543478 0.094792 0.024374 0.036458
0 0.629447 0.092448 0.027668 0.047396
1 0.932312 0.556250 0.010870 0.018750
2 0.936594 0.588542 0.014163 0.018750
0 0.923254 0.584896 0.010540 0.017708
0 0.421443 0.582552 0.010870 0.018229
2 0.365613 0.592969 0.017128 0.024479
2 0.422101 0.507031 0.040514 0.067187
1 0.354743 0.503646 0.013175 0.019792
0 0.652339 0.831250 0.017457 0.032292
1 0.680007 0.821875 0.032609 0.057292
2 0.689888 0.744792 0.024704 0.029167
1 0.382246 0.355729 0.010211 0.017708
2 0.405138 0.345573 0.013834 0.017188
0 0.354249 0.339062 0.010870 0.016667
