1 0.071311 0.170313 0.050395 0.088542
1 0.216733 0.150000 0.053360 0.092708
2 0.349308 0.576042 0.082675 0.107292
2 0.245224 0.756250 0.045125 0.061458
1 0.179183 0.809896 0.075758 0.140625
1 0.433465 0.764583 0.021739 0.040625
0 0.454381 0.752865 0.024045 0.043229
1 0.658762 0.826562 0.083004 0.131250
1 0.849308 0.816146 0.051713 0.085417
2 0.959486 0.831510 0.047431 0.075521
1 0.924242 0.073177 0.083004 0.132812
1 0.583992 0.153906 0.161397 0.238021
1 0.826416 0.429688 0.110672 0.117708
0 0.802701 0.625781 0.059947 0.083854
