0 0.073452 0.088281 0.056653 0.082812
1 0.130599 0.084635 0.047760 0.081771
0 0.251153 0.092708 0.049736 0.085417
2 0.235672 0.267708 0.037879 0.046875
2 0.704875 0.083333 0.030303 0.039583
1 0.733531 0.081510 0.019763 0.043229
2 0.262022 0.431510 0.024704 0.030729
1 0.093709 0.453646 0.014163 0.025000
0 0.108531 0.480729 0.008235 0.013542
2 0.066206 0.481771 0.011199 0.011458
1 0.321805 0.721354 0.025033 0.040625
0 0.374177 0.725781 0.022398 0.033854
2 0.218050 0.760417 0.030303 0.035417
1 0.684289 0.844531 0.014163 0.025521
1 0.713274 0.460938 0.065547 0.093750
1 0.908926 0.261979 0.010870 0.019792
