1 0.127800 0.099219 0.047431 0.077604
1 0.648386 0.597656 0.050395 0.106771
1 0.641798 0.889323 0.031291 0.068229
0 0.669796 0.875260 0.037220 0.068229
2 0.598979 0.915625 0.029974 0.054167
0 0.597991 0.352604 0.043808 0.078125
2 0.236660 0.633854 0.044466 0.059375
0 0.231061 0.295573 0.042490 0.074479
1 0.223650 0.082031 0.009881 0.017188
0 0.237648 0.082812 0.010870 0.017708
1 0.094038 0.824479 0.026680 0.059375
2 0.135046 0.835677 0.021739 0.033854
0 0.116271 0.833333 0.019763 0.037500
2 0.574275 0.199219 0.018775 0.027604
1 0.906950 0.666146 0.034585 0.058333
1 0.883893 0.901823 0.027997 0.039062
